  1:	0.015  0.004  0.037  0.192  0.001  0.006  0.077  0.204  0.205  0.257	27
  2:	0.159  0.003  0.159  0.093  0.001  0.015  0.248  0.103  0.128  0.089	27
  3:	0.008  0.041  0.012  0.021  0.036  0.844  0.007  0.011  0.010  0.012	27
  4:	0.014  0.860  0.017  0.009  0.038  0.024  0.011  0.009  0.010  0.009	27

  1:	0.204  0.001  0.084  0.165  0.248  0.004  0.007  0.096  0.156  0.035	27
  2:	0.143  0.001  0.183  0.107  0.117  0.003  0.014  0.210  0.084  0.138	27
  3:	0.013  0.034  0.011  0.012  0.026  0.049  0.830  0.007  0.010  0.008	27
  4:	0.010  0.038  0.016  0.008  0.008  0.862  0.023  0.008  0.009  0.017	27

  1:	0.001  0.056  0.004  0.007  0.181  0.062  0.164  0.176  0.086  0.263	27
  2:	0.001  0.172  0.003  0.014  0.110  0.264  0.076  0.094  0.187  0.080	27
  3:	0.035  0.007  0.045  0.837  0.010  0.005  0.026  0.016  0.010  0.009	27
  4:	0.038  0.012  0.860  0.023  0.008  0.009  0.010  0.015  0.016  0.010	27

  1:	0.083  0.006  0.182  0.221  0.211  0.092  0.001  0.036  0.164  0.004	27
  2:	0.129  0.016  0.083  0.087  0.092  0.192  0.001  0.252  0.144  0.004	27
  3:	0.012  0.846  0.010  0.015  0.020  0.012  0.034  0.007  0.008  0.038	27
  4:	0.014  0.025  0.010  0.013  0.009  0.016  0.038  0.008  0.011  0.857	27

  1:	0.142  0.207  0.001  0.004  0.018  0.125  0.159  0.237  0.007  0.100	27
  2:	0.093  0.088  0.001  0.003  0.139  0.125  0.167  0.102  0.015  0.267	27
  3:	0.014  0.013  0.033  0.040  0.007  0.011  0.014  0.021  0.841  0.006	27
  4:	0.014  0.013  0.037  0.859  0.010  0.013  0.009  0.009  0.026  0.009	27

  1:	0.181  0.231  0.077  0.001  0.004  0.162  0.137  0.007  0.105  0.093	27
  2:	0.067  0.089  0.203  0.001  0.003  0.070  0.153  0.014  0.156  0.244	27
  3:	0.016  0.015  0.011  0.034  0.044  0.016  0.008  0.840  0.008  0.007	27
  4:	0.012  0.008  0.017  0.038  0.858  0.017  0.008  0.024  0.007  0.012	27

  1:	0.017  0.004  0.045  0.094  0.008  0.197  0.261  0.001  0.210  0.163	27
  2:	0.147  0.003  0.165  0.140  0.013  0.101  0.085  0.001  0.126  0.220	27
  3:	0.009  0.036  0.009  0.006  0.848  0.013  0.010  0.035  0.027  0.006	27
  4:	0.012  0.861  0.008  0.009  0.028  0.013  0.012  0.038  0.011  0.009	27

