  1:	0.642  0.032  0.327	27
  2:	0.751  0.023  0.226	27
  3:	0.098  0.774  0.128	27
  4:	0.021  0.915  0.064	27

  1:	0.029  0.332  0.639	27
  2:	0.021  0.261  0.718	27
  3:	0.776  0.129  0.095	27
  4:	0.917  0.062  0.022	27

  1:	0.664  0.033  0.304	27
  2:	0.755  0.023  0.222	27
  3:	0.119  0.751  0.130	27
  4:	0.025  0.912  0.063	27

  1:	0.504  0.460  0.036	27
  2:	0.378  0.594  0.028	27
  3:	0.154  0.159  0.688	27
  4:	0.073  0.034  0.893	27

  1:	0.001  0.984  0.015	27
  2:	0.001  0.989  0.010	27
  3:	0.038  0.052  0.909	27
  4:	0.038  0.007  0.955	27

  1:	0.013  0.049  0.938	27
  2:	0.010  0.085  0.905	27
  3:	0.148  0.781  0.071	27
  4:	0.862  0.061  0.077	27

  1:	0.220  0.757  0.023	27
  2:	0.304  0.678  0.018	27
  3:	0.515  0.108  0.377	27
  4:	0.045  0.077  0.878	27

