  1:	0.005  0.985  0.008  0.001	27
  2:	0.004  0.978  0.016  0.001	27
  3:	0.045  0.014  0.904  0.038	27
  4:	0.906  0.025  0.031  0.038	27

  1:	0.016  0.001  0.837  0.146	27
  2:	0.009  0.001  0.288  0.701	27
  3:	0.863  0.038  0.067  0.032	27
  4:	0.945  0.038  0.008  0.009	27

  1:	0.001  0.013  0.745  0.241	27
  2:	0.001  0.008  0.294  0.697	27
  3:	0.038  0.859  0.071  0.032	27
  4:	0.038  0.944  0.009  0.009	27

  1:	0.635  0.016  0.348  0.001	27
  2:	0.556  0.007  0.435  0.001	27
  3:	0.050  0.844  0.068  0.038	27
  4:	0.011  0.942  0.009  0.038	27

  1:	0.398  0.001  0.016  0.586	27
  2:	0.430  0.001  0.008  0.561	27
  3:	0.088  0.038  0.826  0.047	27
  4:	0.014  0.038  0.938  0.010	27

  1:	0.675  0.308  0.016  0.001	27
  2:	0.483  0.509  0.007  0.001	27
  3:	0.060  0.056  0.845  0.038	27
  4:	0.013  0.010  0.940  0.038	27

  1:	0.218  0.001  0.012  0.769	27
  2:	0.648  0.001  0.009  0.342	27
  3:	0.035  0.037  0.869  0.059	27
  4:	0.009  0.038  0.945  0.008	27

