  1:	0.671  0.009  0.005  0.313  0.001	27
  2:	0.246  0.017  0.004  0.731  0.001	27
  3:	0.025  0.889  0.041  0.008  0.037	27
  4:	0.016  0.029  0.895  0.023  0.038	27

  1:	0.505  0.014  0.113  0.001  0.366	27
  2:	0.236  0.008  0.248  0.001  0.506	27
  3:	0.072  0.804  0.042  0.038  0.044	27
  4:	0.009  0.930  0.011  0.038  0.013	27

  1:	0.001  0.004  0.169  0.009  0.816	27
  2:	0.002  0.004  0.602  0.019  0.374	27
  3:	0.038  0.041  0.007  0.892  0.022	27
  4:	0.038  0.895  0.017  0.030  0.020	27

  1:	0.239  0.011  0.001  0.745  0.004	27
  2:	0.507  0.018  0.001  0.470  0.003	27
  3:	0.015  0.890  0.038  0.015  0.042	27
  4:	0.026  0.027  0.038  0.019  0.891	27

  1:	0.108  0.016  0.349  0.001  0.526	27
  2:	0.266  0.008  0.490  0.002  0.235	27
  3:	0.073  0.774  0.054  0.038  0.061	27
  4:	0.014  0.924  0.013  0.038  0.010	27

  1:	0.001  0.722  0.122  0.143  0.012	27
  2:	0.002  0.278  0.224  0.488  0.008	27
  3:	0.038  0.054  0.080  0.024  0.804	27
  4:	0.038  0.010  0.011  0.009  0.932	27

  1:	0.005  0.009  0.001  0.475  0.509	27
  2:	0.004  0.015  0.001  0.353  0.627	27
  3:	0.043  0.889  0.037  0.018  0.014	27
  4:	0.890  0.026  0.038  0.022  0.023	27

