  1:	0.132  0.007  0.430  0.018  0.001  0.412	27
  2:	0.502  0.004  0.159  0.038  0.001  0.295	27
  3:	0.009  0.113  0.038  0.787  0.036  0.017	27
  4:	0.016  0.883  0.015  0.028  0.038  0.020	27

  1:	0.023  0.186  0.001  0.473  0.309  0.007	27
  2:	0.044  0.261  0.001  0.246  0.443  0.005	27
  3:	0.759  0.025  0.038  0.024  0.014  0.140	27
  4:	0.028  0.020  0.038  0.017  0.016  0.881	27

  1:	0.156  0.015  0.001  0.438  0.290  0.100	27
  2:	0.360  0.006  0.001  0.206  0.192  0.233	27
  3:	0.048  0.756  0.037  0.053  0.051  0.055	27
  4:	0.012  0.919  0.038  0.008  0.011  0.012	27

  1:	0.170  0.343  0.008  0.474  0.004  0.001	27
  2:	0.292  0.453  0.015  0.235  0.004  0.001	27
  3:	0.016  0.007  0.884  0.022  0.034  0.037	27
  4:	0.023  0.011  0.030  0.020  0.879  0.038	27

  1:	0.001  0.163  0.377  0.354  0.092  0.013	27
  2:	0.002  0.418  0.159  0.207  0.207  0.007	27
  3:	0.037  0.031  0.075  0.058  0.050  0.748	27
  4:	0.038  0.014  0.008  0.014  0.013  0.914	27

  1:	0.395  0.001  0.433  0.020  0.006  0.145	27
  2:	0.307  0.001  0.292  0.028  0.004  0.367	27
  3:	0.019  0.037  0.024  0.826  0.083  0.011	27
  4:	0.018  0.038  0.017  0.031  0.880  0.015	27

  1:	0.128  0.417  0.008  0.440  0.005  0.001	27
  2:	0.476  0.296  0.015  0.208  0.004  0.001	27
  3:	0.008  0.022  0.875  0.015  0.044  0.037	27
  4:	0.013  0.016  0.025  0.022  0.887  0.038	27

