  1:	0.084  0.088  0.006  0.285  0.001  0.026  0.509	27
  2:	0.184  0.191  0.004  0.417  0.001  0.031  0.172	27
  3:	0.013  0.027  0.140  0.010  0.037  0.739  0.033	27
  4:	0.022  0.017  0.876  0.011  0.038  0.024  0.011	27

  1:	0.005  0.001  0.301  0.010  0.108  0.164  0.411	27
  2:	0.004  0.001  0.285  0.016  0.199  0.231  0.264	27
  3:	0.046  0.035  0.018  0.861  0.012  0.015  0.012	27
  4:	0.871  0.038  0.013  0.029  0.020  0.018  0.011	27

  1:	0.010  0.198  0.331  0.347  0.005  0.001  0.107	27
  2:	0.019  0.360  0.196  0.166  0.004  0.001  0.253	27
  3:	0.873  0.007  0.015  0.020  0.037  0.037  0.011	27
  4:	0.030  0.011  0.014  0.016  0.871  0.038  0.021	27

  1:	0.202  0.253  0.437  0.095  0.004  0.001  0.008	27
  2:	0.445  0.177  0.159  0.202  0.003  0.001  0.013	27
  3:	0.008  0.018  0.029  0.011  0.039  0.036  0.860	27
  4:	0.011  0.021  0.013  0.018  0.876  0.038  0.023	27

  1:	0.006  0.001  0.316  0.008  0.131  0.290  0.249	27
  2:	0.003  0.001  0.361  0.012  0.216  0.189  0.218	27
  3:	0.045  0.037  0.008  0.863  0.011  0.013  0.023	27
  4:	0.877  0.038  0.011  0.025  0.018  0.017  0.013	27

  1:	0.232  0.001  0.008  0.238  0.405  0.113  0.004	27
  2:	0.430  0.001  0.015  0.176  0.177  0.197  0.004	27
  3:	0.011  0.037  0.869  0.014  0.019  0.012  0.038	27
  4:	0.014  0.038  0.027  0.013  0.018  0.020  0.870	27

  1:	0.012  0.004  0.379  0.428  0.090  0.001  0.086	27
  2:	0.015  0.003  0.116  0.210  0.201  0.001  0.454	27
  3:	0.867  0.039  0.016  0.023  0.013  0.035  0.007	27
  4:	0.031  0.869  0.019  0.013  0.017  0.038  0.014	27

