  1:	0.198  0.244  0.005  0.211  0.085  0.048  0.207  0.001	27
  2:	0.134  0.176  0.004  0.157  0.221  0.033  0.273  0.001	27
  3:	0.031  0.025  0.193  0.031  0.020  0.660  0.008  0.032	27
  4:	0.018  0.010  0.876  0.011  0.020  0.017  0.011  0.038	27

  1:	0.229  0.007  0.038  0.115  0.291  0.276  0.001  0.043	27
  2:	0.219  0.005  0.102  0.259  0.124  0.126  0.001  0.163	27
  3:	0.029  0.309  0.516  0.016  0.045  0.024  0.036  0.026	27
  4:	0.012  0.881  0.016  0.012  0.010  0.017  0.038  0.014	27

  1:	0.102  0.272  0.267  0.001  0.141  0.005  0.008  0.203	27
  2:	0.198  0.110  0.203  0.001  0.272  0.003  0.015  0.198	27
  3:	0.012  0.017  0.021  0.036  0.008  0.039  0.853  0.014	27
  4:	0.019  0.014  0.015  0.038  0.010  0.871  0.023  0.011	27

  1:	0.215  0.070  0.001  0.279  0.011  0.151  0.050  0.223	27
  2:	0.201  0.213  0.001  0.126  0.006  0.179  0.177  0.097	27
  3:	0.043  0.032  0.035  0.059  0.676  0.045  0.053  0.057	27
  4:	0.012  0.008  0.038  0.010  0.897  0.012  0.011  0.012	27

  1:	0.312  0.003  0.082  0.165  0.209  0.009  0.219  0.001	27
  2:	0.132  0.003  0.201  0.289  0.234  0.015  0.124  0.001	27
  3:	0.025  0.041  0.011  0.008  0.008  0.855  0.016  0.036	27
  4:	0.011  0.872  0.017  0.016  0.011  0.024  0.011  0.038	27

  1:	0.274  0.049  0.219  0.001  0.312  0.035  0.103  0.006	27
  2:	0.145  0.177  0.241  0.001  0.144  0.048  0.239  0.004	27
  3:	0.038  0.014  0.023  0.037  0.021  0.633  0.020  0.214	27
  4:	0.011  0.014  0.011  0.038  0.013  0.025  0.012  0.876	27

  1:	0.009  0.240  0.004  0.274  0.092  0.158  0.222  0.001	27
  2:	0.011  0.255  0.003  0.135  0.201  0.190  0.203  0.001	27
  3:	0.859  0.010  0.038  0.012  0.011  0.024  0.011  0.036	27
  4:	0.028  0.014  0.867  0.009  0.017  0.013  0.014  0.038	27

