  1:	0.202  0.004  0.103  0.385  0.227  0.039  0.001  0.009  0.028	27
  2:	0.159  0.003  0.235  0.128  0.131  0.161  0.001  0.016  0.166	27
  3:	0.010  0.040  0.009  0.009  0.011  0.020  0.037  0.855  0.008	27
  4:	0.009  0.866  0.010  0.010  0.011  0.016  0.038  0.024  0.015	27

  1:	0.191  0.090  0.065  0.258  0.001  0.101  0.280  0.005  0.009	27
  2:	0.083  0.305  0.180  0.106  0.001  0.201  0.105  0.003  0.015	27
  3:	0.015  0.006  0.012  0.014  0.035  0.008  0.023  0.040  0.846	27
  4:	0.015  0.015  0.017  0.013  0.038  0.010  0.008  0.860  0.025	27

  1:	0.012  0.029  0.055  0.001  0.361  0.004  0.096  0.150  0.292	27
  2:	0.014  0.154  0.168  0.001  0.146  0.003  0.241  0.169  0.103	27
  3:	0.856  0.013  0.009  0.036  0.014  0.040  0.006  0.011  0.014	27
  4:	0.030  0.017  0.015  0.038  0.009  0.861  0.010  0.011  0.009	27

  1:	0.108  0.004  0.307  0.231  0.001  0.089  0.007  0.010  0.243	27
  2:	0.155  0.004  0.120  0.153  0.001  0.293  0.017  0.137  0.120	27
  3:	0.008  0.041  0.029  0.013  0.036  0.006  0.849  0.007  0.010	27
  4:	0.014  0.866  0.011  0.016  0.038  0.009  0.026  0.009  0.010	27

  1:	0.210  0.004  0.235  0.198  0.045  0.001  0.008  0.218  0.082	27
  2:	0.124  0.003  0.103  0.140  0.306  0.001  0.012  0.114  0.196	27
  3:	0.014  0.036  0.024  0.011  0.006  0.034  0.854  0.011  0.012	27
  4:	0.015  0.865  0.007  0.007  0.010  0.038  0.027  0.015  0.016	27

  1:	0.178  0.004  0.318  0.347  0.009  0.001  0.038  0.017  0.088	27
  2:	0.243  0.003  0.116  0.107  0.016  0.001  0.152  0.156  0.206	27
  3:	0.011  0.044  0.024  0.011  0.852  0.037  0.011  0.006  0.005	27
  4:	0.010  0.871  0.009  0.011  0.023  0.038  0.018  0.013  0.007	27

  1:	0.001  0.200  0.190  0.186  0.021  0.164  0.191  0.033  0.011	27
  2:	0.001  0.116  0.174  0.146  0.128  0.164  0.093  0.171  0.006	27
  3:	0.034  0.049  0.040  0.032  0.153  0.033  0.032  0.038  0.590	27
  4:	0.038  0.008  0.013  0.009  0.011  0.008  0.011  0.014  0.889	27

